1.0 1.0 1.0
1.0 43.0 1.0
1.0 57.0 1.0
1.0 99.0 1.0
15.0 1.0 1.0
15.0 43.0 1.0
15.0 57.0 1.0
15.0 99.0 1.0
1.0 15.0 1.0
43.0 15.0 1.0
57.0 15.0 1.0
99.0 15.0 1.0
29.0 1.0 1.0
29.0 43.0 1.0
29.0 57.0 1.0
29.0 99.0 1.0
1.0 29.0 1.0
43.0 29.0 1.0
57.0 29.0 1.0
99.0 29.0 1.0
43.0 1.0 1.0
43.0 43.0 1.0
43.0 57.0 1.0
43.0 99.0 1.0
57.0 1.0 1.0
57.0 43.0 1.0
57.0 57.0 1.0
57.0 99.0 1.0
71.0 1.0 1.0
71.0 43.0 1.0
71.0 57.0 1.0
71.0 99.0 1.0
1.0 71.0 1.0
43.0 71.0 1.0
57.0 71.0 1.0
99.0 71.0 1.0
85.0 1.0 1.0
85.0 43.0 1.0
85.0 57.0 1.0
85.0 99.0 1.0
1.0 85.0 1.0
43.0 85.0 1.0
57.0 85.0 1.0
99.0 85.0 1.0
99.0 1.0 1.0
99.0 43.0 1.0
99.0 57.0 1.0
99.0 99.0 1.0
22.0 22.0 15.0
78.0 22.0 15.0
22.0 78.0 15.0
78.0 78.0 15.0
